{
  "nbformat": 4,
  "nbformat_minor": 0,
  "metadata": {
    "colab": {
      "name": "Multivariate Exam.ipynb",
      "provenance": [],
      "include_colab_link": true
    },
    "kernelspec": {
      "name": "python3",
      "display_name": "Python 3"
    },
    "language_info": {
      "name": "python"
    }
  },
  "cells": [
    {
      "cell_type": "markdown",
      "metadata": {
        "id": "view-in-github",
        "colab_type": "text"
      },
      "source": [
        "<a href=\"https://colab.research.google.com/github/Wikanes-k/multivariate/blob/main/Multivariate_Exam.ipynb\" target=\"_parent\"><img src=\"https://colab.research.google.com/assets/colab-badge.svg\" alt=\"Open In Colab\"/></a>"
      ]
    },
    {
      "cell_type": "markdown",
      "metadata": {
        "id": "JZxiNADfaDtv"
      },
      "source": [
        "ให้นักศึกษาทำข้อสอบใน Colab Notebook นี้โดยกรอกข้อมูลของตัวเองใน cell ที่ 2 แล้วรัน cell ที่ 1 - 5 และเริ่มทำข้อสอบใน cell ที่ 6 เป็นต้นไป\n",
        "\n",
        "โดยโจทย์คือ\n",
        "1. ข้อมูลโจทย์ อยู่ใน ตัวแปร ```Data```\n",
        "2. ทำ clustering แล้วทำ visualize ข้อมูลแบบ 2 มิติ\n",
        "3. ลด Dimension ของข้อมูลเหลือ 2 มิติ แล้วทำ clustering แล้ว visualize ข้อมูลแบบ 2 มิติ\n",
        "4. เปรียบเทียบความแตกต่างของผลข้อ 2. กับ ข้อ 3.\n",
        "5. เขียน comments อธิบายทุกขั้นตอน\n",
        "6. อัด video อธิบาย code ทุกๆขั้นตอนรวมถึงผลแล้วอัพลง youtube ในรูปแบบ unlist \n",
        "7. commit โดยใช้ชื่อ commit เป็น link youtube ที่อธิบาย code ในข้อ 6.\n",
        "\n",
        "กำหนดส่งวันที่ 2 พฤษภาคม 2564 (โดยให้มากรอกวันที่ commit ครั้งสุดท้ายใน sheet: https://docs.google.com/spreadsheets/d/1_qJwLDJVtOW1HxBcf_FHVc6UT4J_SOonuR6o3EEnVzw/edit?usp=sharing ช่อง Final)"
      ]
    },
    {
      "cell_type": "markdown",
      "metadata": {
        "id": "7cflhY-O0PV2"
      },
      "source": [
        "#ข้อ 1.ข้อมูลโจทย์ อยู่ใน ตัวแปร Data"
      ]
    },
    {
      "cell_type": "code",
      "metadata": {
        "id": "cWl2x1bPGtQl"
      },
      "source": [
        "from sklearn.datasets import make_blobs\n",
        "import random,math\n",
        "import numpy as np\n",
        "import pandas\n",
        "from matplotlib import pyplot as plt\n",
        "from sklearn.decomposition import PCA"
      ],
      "execution_count": 85,
      "outputs": []
    },
    {
      "cell_type": "code",
      "metadata": {
        "id": "gZfzuiHsZksh"
      },
      "source": [
        "Name = 'วิฆเนศ เกียรติเกษมสุข'\n",
        "ID = '6230210556'"
      ],
      "execution_count": 86,
      "outputs": []
    },
    {
      "cell_type": "code",
      "metadata": {
        "id": "8hFQXkF5aAiA"
      },
      "source": [
        "def DataGenerator(name,id):\n",
        "    random.seed(int(id[3:6]))\n",
        "    numfeat = random.randint(20,30)\n",
        "    ct = random.randint(len(name)-6,len(name))\n",
        "    \n",
        "    X, y = make_blobs(n_samples=10000, centers=ct, n_features=numfeat , random_state=int(id[3:6]))\n",
        "\n",
        "    print(f'{id[3:6]}:{numfeat}:{ct}')\n",
        "    X_t = (X[:,1]*2)+int(id[3])\n",
        "    X_t2 = (X[:,-1]*5)+int(id[4])\n",
        "\n",
        "    DT = np.append(X,X_t.reshape([10000,1]),axis=1)\n",
        "    DT = np.append(DT,X_t2.reshape([10000,1]),axis=1)\n",
        "    \n",
        "    return pandas.DataFrame(DT)"
      ],
      "execution_count": 87,
      "outputs": []
    },
    {
      "cell_type": "code",
      "metadata": {
        "colab": {
          "base_uri": "https://localhost:8080/"
        },
        "id": "hbXlxumSBX9i",
        "outputId": "cacde996-b752-4852-850e-6e8b0bd4cce2"
      },
      "source": [
        "Data = DataGenerator(Name,ID)"
      ],
      "execution_count": 88,
      "outputs": [
        {
          "output_type": "stream",
          "text": [
            "021:22:18\n"
          ],
          "name": "stdout"
        }
      ]
    },
    {
      "cell_type": "code",
      "metadata": {
        "colab": {
          "base_uri": "https://localhost:8080/",
          "height": 422
        },
        "id": "pQcCySXvBdN-",
        "outputId": "e75efb21-8303-4c59-b19f-a5f836423556"
      },
      "source": [
        "Data"
      ],
      "execution_count": 89,
      "outputs": [
        {
          "output_type": "execute_result",
          "data": {
            "text/html": [
              "<div>\n",
              "<style scoped>\n",
              "    .dataframe tbody tr th:only-of-type {\n",
              "        vertical-align: middle;\n",
              "    }\n",
              "\n",
              "    .dataframe tbody tr th {\n",
              "        vertical-align: top;\n",
              "    }\n",
              "\n",
              "    .dataframe thead th {\n",
              "        text-align: right;\n",
              "    }\n",
              "</style>\n",
              "<table border=\"1\" class=\"dataframe\">\n",
              "  <thead>\n",
              "    <tr style=\"text-align: right;\">\n",
              "      <th></th>\n",
              "      <th>0</th>\n",
              "      <th>1</th>\n",
              "      <th>2</th>\n",
              "      <th>3</th>\n",
              "      <th>4</th>\n",
              "      <th>5</th>\n",
              "      <th>6</th>\n",
              "      <th>7</th>\n",
              "      <th>8</th>\n",
              "      <th>9</th>\n",
              "      <th>10</th>\n",
              "      <th>11</th>\n",
              "      <th>12</th>\n",
              "      <th>13</th>\n",
              "      <th>14</th>\n",
              "      <th>15</th>\n",
              "      <th>16</th>\n",
              "      <th>17</th>\n",
              "      <th>18</th>\n",
              "      <th>19</th>\n",
              "      <th>20</th>\n",
              "      <th>21</th>\n",
              "      <th>22</th>\n",
              "      <th>23</th>\n",
              "    </tr>\n",
              "  </thead>\n",
              "  <tbody>\n",
              "    <tr>\n",
              "      <th>0</th>\n",
              "      <td>3.194903</td>\n",
              "      <td>-2.484340</td>\n",
              "      <td>9.046534</td>\n",
              "      <td>5.526724</td>\n",
              "      <td>-7.200411</td>\n",
              "      <td>-5.422545</td>\n",
              "      <td>6.863710</td>\n",
              "      <td>-2.819618</td>\n",
              "      <td>-1.272393</td>\n",
              "      <td>-7.801303</td>\n",
              "      <td>3.958371</td>\n",
              "      <td>8.572270</td>\n",
              "      <td>8.361012</td>\n",
              "      <td>-4.429934</td>\n",
              "      <td>4.652552</td>\n",
              "      <td>-7.054646</td>\n",
              "      <td>-3.261196</td>\n",
              "      <td>-1.723801</td>\n",
              "      <td>2.323923</td>\n",
              "      <td>-0.561950</td>\n",
              "      <td>-0.579829</td>\n",
              "      <td>0.106464</td>\n",
              "      <td>-4.968681</td>\n",
              "      <td>2.532319</td>\n",
              "    </tr>\n",
              "    <tr>\n",
              "      <th>1</th>\n",
              "      <td>-0.213970</td>\n",
              "      <td>3.045143</td>\n",
              "      <td>-4.711877</td>\n",
              "      <td>1.873009</td>\n",
              "      <td>-0.599405</td>\n",
              "      <td>-5.617942</td>\n",
              "      <td>8.652119</td>\n",
              "      <td>-2.984660</td>\n",
              "      <td>-7.625184</td>\n",
              "      <td>-8.832367</td>\n",
              "      <td>-0.548511</td>\n",
              "      <td>-7.382334</td>\n",
              "      <td>4.673768</td>\n",
              "      <td>-9.341331</td>\n",
              "      <td>-7.842799</td>\n",
              "      <td>-8.708402</td>\n",
              "      <td>7.103475</td>\n",
              "      <td>4.578204</td>\n",
              "      <td>8.623073</td>\n",
              "      <td>7.470627</td>\n",
              "      <td>-6.989783</td>\n",
              "      <td>0.296539</td>\n",
              "      <td>6.090287</td>\n",
              "      <td>3.482695</td>\n",
              "    </tr>\n",
              "    <tr>\n",
              "      <th>2</th>\n",
              "      <td>-1.979782</td>\n",
              "      <td>-4.234113</td>\n",
              "      <td>6.069967</td>\n",
              "      <td>-3.083000</td>\n",
              "      <td>-7.008880</td>\n",
              "      <td>-3.086111</td>\n",
              "      <td>1.928047</td>\n",
              "      <td>-6.068686</td>\n",
              "      <td>-4.005132</td>\n",
              "      <td>6.158407</td>\n",
              "      <td>-0.383451</td>\n",
              "      <td>5.053533</td>\n",
              "      <td>9.074643</td>\n",
              "      <td>-5.802774</td>\n",
              "      <td>1.036415</td>\n",
              "      <td>-7.645215</td>\n",
              "      <td>9.827508</td>\n",
              "      <td>6.990707</td>\n",
              "      <td>3.178064</td>\n",
              "      <td>-7.804276</td>\n",
              "      <td>10.920628</td>\n",
              "      <td>-9.738056</td>\n",
              "      <td>-8.468227</td>\n",
              "      <td>-46.690281</td>\n",
              "    </tr>\n",
              "    <tr>\n",
              "      <th>3</th>\n",
              "      <td>0.891762</td>\n",
              "      <td>-5.713522</td>\n",
              "      <td>-2.516742</td>\n",
              "      <td>-6.357597</td>\n",
              "      <td>-8.092526</td>\n",
              "      <td>6.917633</td>\n",
              "      <td>5.331113</td>\n",
              "      <td>-9.361055</td>\n",
              "      <td>-3.762856</td>\n",
              "      <td>-3.937647</td>\n",
              "      <td>5.313438</td>\n",
              "      <td>0.836192</td>\n",
              "      <td>-1.030030</td>\n",
              "      <td>-4.608901</td>\n",
              "      <td>0.232444</td>\n",
              "      <td>8.016438</td>\n",
              "      <td>9.761336</td>\n",
              "      <td>-8.898094</td>\n",
              "      <td>1.344340</td>\n",
              "      <td>-10.271389</td>\n",
              "      <td>6.805579</td>\n",
              "      <td>2.809819</td>\n",
              "      <td>-11.427045</td>\n",
              "      <td>16.049094</td>\n",
              "    </tr>\n",
              "    <tr>\n",
              "      <th>4</th>\n",
              "      <td>-3.019054</td>\n",
              "      <td>2.111087</td>\n",
              "      <td>-0.041213</td>\n",
              "      <td>4.371200</td>\n",
              "      <td>-4.707153</td>\n",
              "      <td>-4.773634</td>\n",
              "      <td>7.302765</td>\n",
              "      <td>8.429015</td>\n",
              "      <td>1.500328</td>\n",
              "      <td>9.601859</td>\n",
              "      <td>6.408265</td>\n",
              "      <td>8.036825</td>\n",
              "      <td>1.085440</td>\n",
              "      <td>-7.069588</td>\n",
              "      <td>1.090082</td>\n",
              "      <td>10.219567</td>\n",
              "      <td>-2.069758</td>\n",
              "      <td>3.511844</td>\n",
              "      <td>-8.153129</td>\n",
              "      <td>-3.323127</td>\n",
              "      <td>-6.466091</td>\n",
              "      <td>7.969829</td>\n",
              "      <td>4.222173</td>\n",
              "      <td>41.849147</td>\n",
              "    </tr>\n",
              "    <tr>\n",
              "      <th>...</th>\n",
              "      <td>...</td>\n",
              "      <td>...</td>\n",
              "      <td>...</td>\n",
              "      <td>...</td>\n",
              "      <td>...</td>\n",
              "      <td>...</td>\n",
              "      <td>...</td>\n",
              "      <td>...</td>\n",
              "      <td>...</td>\n",
              "      <td>...</td>\n",
              "      <td>...</td>\n",
              "      <td>...</td>\n",
              "      <td>...</td>\n",
              "      <td>...</td>\n",
              "      <td>...</td>\n",
              "      <td>...</td>\n",
              "      <td>...</td>\n",
              "      <td>...</td>\n",
              "      <td>...</td>\n",
              "      <td>...</td>\n",
              "      <td>...</td>\n",
              "      <td>...</td>\n",
              "      <td>...</td>\n",
              "      <td>...</td>\n",
              "    </tr>\n",
              "    <tr>\n",
              "      <th>9995</th>\n",
              "      <td>-2.551409</td>\n",
              "      <td>-2.593693</td>\n",
              "      <td>-9.460313</td>\n",
              "      <td>7.666266</td>\n",
              "      <td>8.326343</td>\n",
              "      <td>8.742272</td>\n",
              "      <td>9.192368</td>\n",
              "      <td>-10.023568</td>\n",
              "      <td>8.308823</td>\n",
              "      <td>-7.588181</td>\n",
              "      <td>10.580945</td>\n",
              "      <td>5.089918</td>\n",
              "      <td>7.325876</td>\n",
              "      <td>6.778694</td>\n",
              "      <td>8.851949</td>\n",
              "      <td>3.778175</td>\n",
              "      <td>6.929695</td>\n",
              "      <td>-8.678640</td>\n",
              "      <td>3.897597</td>\n",
              "      <td>6.768477</td>\n",
              "      <td>7.666765</td>\n",
              "      <td>-10.095008</td>\n",
              "      <td>-5.187386</td>\n",
              "      <td>-48.475041</td>\n",
              "    </tr>\n",
              "    <tr>\n",
              "      <th>9996</th>\n",
              "      <td>-1.892205</td>\n",
              "      <td>-3.202756</td>\n",
              "      <td>5.180795</td>\n",
              "      <td>-0.702603</td>\n",
              "      <td>-5.345112</td>\n",
              "      <td>-4.413034</td>\n",
              "      <td>3.348990</td>\n",
              "      <td>-5.589029</td>\n",
              "      <td>-2.968417</td>\n",
              "      <td>7.388957</td>\n",
              "      <td>0.499593</td>\n",
              "      <td>3.935998</td>\n",
              "      <td>9.548590</td>\n",
              "      <td>-5.225462</td>\n",
              "      <td>0.176967</td>\n",
              "      <td>-6.254073</td>\n",
              "      <td>9.367047</td>\n",
              "      <td>6.924998</td>\n",
              "      <td>2.795622</td>\n",
              "      <td>-7.109549</td>\n",
              "      <td>9.215384</td>\n",
              "      <td>-8.584671</td>\n",
              "      <td>-6.405511</td>\n",
              "      <td>-40.923353</td>\n",
              "    </tr>\n",
              "    <tr>\n",
              "      <th>9997</th>\n",
              "      <td>2.281352</td>\n",
              "      <td>-4.642635</td>\n",
              "      <td>-2.566606</td>\n",
              "      <td>-3.402290</td>\n",
              "      <td>-6.133717</td>\n",
              "      <td>5.704547</td>\n",
              "      <td>5.233088</td>\n",
              "      <td>-9.440874</td>\n",
              "      <td>-3.886720</td>\n",
              "      <td>-3.985638</td>\n",
              "      <td>4.023319</td>\n",
              "      <td>-1.960977</td>\n",
              "      <td>-0.468020</td>\n",
              "      <td>-4.943990</td>\n",
              "      <td>1.311771</td>\n",
              "      <td>7.310821</td>\n",
              "      <td>9.513713</td>\n",
              "      <td>-8.942738</td>\n",
              "      <td>1.474599</td>\n",
              "      <td>-9.703660</td>\n",
              "      <td>6.691818</td>\n",
              "      <td>2.518505</td>\n",
              "      <td>-9.285271</td>\n",
              "      <td>14.592527</td>\n",
              "    </tr>\n",
              "    <tr>\n",
              "      <th>9998</th>\n",
              "      <td>0.046269</td>\n",
              "      <td>-3.550455</td>\n",
              "      <td>-3.713558</td>\n",
              "      <td>-5.652540</td>\n",
              "      <td>-9.502716</td>\n",
              "      <td>5.354921</td>\n",
              "      <td>3.992697</td>\n",
              "      <td>-10.604678</td>\n",
              "      <td>-5.367437</td>\n",
              "      <td>-5.581199</td>\n",
              "      <td>5.106539</td>\n",
              "      <td>-1.281593</td>\n",
              "      <td>-2.528070</td>\n",
              "      <td>-6.575592</td>\n",
              "      <td>1.445353</td>\n",
              "      <td>7.182034</td>\n",
              "      <td>9.015343</td>\n",
              "      <td>-8.080399</td>\n",
              "      <td>0.323079</td>\n",
              "      <td>-8.678822</td>\n",
              "      <td>6.641757</td>\n",
              "      <td>3.538480</td>\n",
              "      <td>-7.100910</td>\n",
              "      <td>19.692400</td>\n",
              "    </tr>\n",
              "    <tr>\n",
              "      <th>9999</th>\n",
              "      <td>-9.497783</td>\n",
              "      <td>-3.371443</td>\n",
              "      <td>4.320860</td>\n",
              "      <td>-8.592720</td>\n",
              "      <td>-5.498636</td>\n",
              "      <td>-8.342569</td>\n",
              "      <td>-4.726978</td>\n",
              "      <td>2.616565</td>\n",
              "      <td>-3.562977</td>\n",
              "      <td>2.216086</td>\n",
              "      <td>-8.797338</td>\n",
              "      <td>7.662592</td>\n",
              "      <td>-6.253514</td>\n",
              "      <td>-6.103494</td>\n",
              "      <td>-1.028130</td>\n",
              "      <td>7.616151</td>\n",
              "      <td>5.741669</td>\n",
              "      <td>8.481896</td>\n",
              "      <td>4.879068</td>\n",
              "      <td>-1.845775</td>\n",
              "      <td>-3.937220</td>\n",
              "      <td>4.251476</td>\n",
              "      <td>-6.742886</td>\n",
              "      <td>23.257380</td>\n",
              "    </tr>\n",
              "  </tbody>\n",
              "</table>\n",
              "<p>10000 rows × 24 columns</p>\n",
              "</div>"
            ],
            "text/plain": [
              "            0         1         2   ...         21         22         23\n",
              "0     3.194903 -2.484340  9.046534  ...   0.106464  -4.968681   2.532319\n",
              "1    -0.213970  3.045143 -4.711877  ...   0.296539   6.090287   3.482695\n",
              "2    -1.979782 -4.234113  6.069967  ...  -9.738056  -8.468227 -46.690281\n",
              "3     0.891762 -5.713522 -2.516742  ...   2.809819 -11.427045  16.049094\n",
              "4    -3.019054  2.111087 -0.041213  ...   7.969829   4.222173  41.849147\n",
              "...        ...       ...       ...  ...        ...        ...        ...\n",
              "9995 -2.551409 -2.593693 -9.460313  ... -10.095008  -5.187386 -48.475041\n",
              "9996 -1.892205 -3.202756  5.180795  ...  -8.584671  -6.405511 -40.923353\n",
              "9997  2.281352 -4.642635 -2.566606  ...   2.518505  -9.285271  14.592527\n",
              "9998  0.046269 -3.550455 -3.713558  ...   3.538480  -7.100910  19.692400\n",
              "9999 -9.497783 -3.371443  4.320860  ...   4.251476  -6.742886  23.257380\n",
              "\n",
              "[10000 rows x 24 columns]"
            ]
          },
          "metadata": {
            "tags": []
          },
          "execution_count": 89
        }
      ]
    },
    {
      "cell_type": "markdown",
      "metadata": {
        "id": "TcZ2JmE51H7c"
      },
      "source": [
        "####หลังจากได้ตารางDATAแล้ว จะต้องตัดข้อมูลที่มีค่า correlation ที่ซ้ำกันออก"
      ]
    },
    {
      "cell_type": "code",
      "metadata": {
        "id": "jUARadkFEuyJ",
        "colab": {
          "base_uri": "https://localhost:8080/"
        },
        "outputId": "ee2dc85e-c089-4018-d6ba-bc588a974714"
      },
      "source": [
        "Data.shape   #ตรวจสอบขนาดของข้อมูล / 10000แถว 24คอลัมน์"
      ],
      "execution_count": 167,
      "outputs": [
        {
          "output_type": "execute_result",
          "data": {
            "text/plain": [
              "(10000, 24)"
            ]
          },
          "metadata": {
            "tags": []
          },
          "execution_count": 167
        }
      ]
    },
    {
      "cell_type": "code",
      "metadata": {
        "id": "9Mg-fWwe0uU2"
      },
      "source": [
        "corr = np.corrcoef(Data.to_numpy().T)  #คำสั่งการตัดข้อมูลที่มีค่า correlation ที่ซ้ำกันออกไป"
      ],
      "execution_count": 105,
      "outputs": []
    },
    {
      "cell_type": "code",
      "metadata": {
        "colab": {
          "base_uri": "https://localhost:8080/"
        },
        "id": "tMJD5L7q1Wn6",
        "outputId": "2a01b2dc-8d31-4925-c971-c1fd90c29f39"
      },
      "source": [
        "corr.shape  #ดูขนาดของ corr / 24แถว 24คอลัมน์"
      ],
      "execution_count": 168,
      "outputs": [
        {
          "output_type": "execute_result",
          "data": {
            "text/plain": [
              "(24, 24)"
            ]
          },
          "metadata": {
            "tags": []
          },
          "execution_count": 168
        }
      ]
    },
    {
      "cell_type": "code",
      "metadata": {
        "colab": {
          "base_uri": "https://localhost:8080/"
        },
        "id": "6AveSXYd1YYD",
        "outputId": "0eca0d5c-dd65-4f0b-adbf-a052930c5f32"
      },
      "source": [
        "corr"
      ],
      "execution_count": 107,
      "outputs": [
        {
          "output_type": "execute_result",
          "data": {
            "text/plain": [
              "array([[ 1.        ,  0.18335177,  0.2240476 ,  0.15627875, -0.12517472,\n",
              "         0.12645987,  0.10648143, -0.13640438,  0.00293363, -0.32972006,\n",
              "        -0.12623187,  0.01111455,  0.15857701,  0.20240345,  0.07918446,\n",
              "        -0.26915762, -0.02372508,  0.15115922, -0.01005665, -0.03825634,\n",
              "         0.09098866, -0.05086225,  0.18335177, -0.05086225],\n",
              "       [ 0.18335177,  1.        ,  0.32704597,  0.09108711,  0.00999514,\n",
              "        -0.07497375, -0.36645677,  0.39767903, -0.04786276, -0.03057504,\n",
              "        -0.29818791, -0.0849468 , -0.01551588,  0.02118802,  0.24365076,\n",
              "        -0.16181281, -0.12873383,  0.15726713, -0.20832192, -0.03943818,\n",
              "         0.04668214,  0.20729742,  1.        ,  0.20729742],\n",
              "       [ 0.2240476 ,  0.32704597,  1.        , -0.00241751, -0.41348103,\n",
              "        -0.52329981, -0.30193309,  0.12671032, -0.29006621, -0.04247862,\n",
              "        -0.12885377,  0.18390584, -0.04204803, -0.12525977,  0.57040577,\n",
              "        -0.19802438,  0.04813889,  0.43379205,  0.32877498, -0.35301909,\n",
              "         0.24614916, -0.04201807,  0.32704597, -0.04201807],\n",
              "       [ 0.15627875,  0.09108711, -0.00241751,  1.        ,  0.32854557,\n",
              "         0.15417628,  0.28789544, -0.04367153,  0.30562137, -0.09928128,\n",
              "         0.38354707,  0.12103797,  0.30487441,  0.19603429,  0.36992173,\n",
              "        -0.21275333,  0.00147419, -0.0076554 , -0.08988054,  0.42975904,\n",
              "         0.20334246, -0.24198285,  0.09108711, -0.24198285],\n",
              "       [-0.12517472,  0.00999514, -0.41348103,  0.32854557,  1.        ,\n",
              "         0.55557381, -0.27697722,  0.15442011,  0.30833708,  0.3401207 ,\n",
              "        -0.12723487, -0.25732986, -0.20689758,  0.42752594,  0.01301042,\n",
              "        -0.09008284, -0.10340247, -0.06478916, -0.03332393,  0.26721305,\n",
              "         0.02431924, -0.18766382,  0.00999514, -0.18766382],\n",
              "       [ 0.12645987, -0.07497375, -0.52329981,  0.15417628,  0.55557381,\n",
              "         1.        ,  0.07206966, -0.05855271,  0.23032177,  0.08079663,\n",
              "        -0.07493836, -0.27802799, -0.17376967,  0.44798322, -0.03236899,\n",
              "        -0.02452804,  0.29958197, -0.27287968, -0.07666731,  0.01843025,\n",
              "         0.12716812, -0.35086555, -0.07497375, -0.35086555],\n",
              "       [ 0.10648143, -0.36645677, -0.30193309,  0.28789544, -0.27697722,\n",
              "         0.07206966,  1.        , -0.30641232,  0.00196877, -0.17347123,\n",
              "         0.31362733,  0.18639692,  0.39822814, -0.12029601, -0.24992551,\n",
              "         0.15692032,  0.34317926,  0.00615774, -0.00542524,  0.33138433,\n",
              "         0.18716155, -0.06894799, -0.36645677, -0.06894799],\n",
              "       [-0.13640438,  0.39767903,  0.12671032, -0.04367153,  0.15442011,\n",
              "        -0.05855271, -0.30641232,  1.        , -0.38908298,  0.38882392,\n",
              "        -0.40164462,  0.17191028, -0.13203843, -0.42244761,  0.11231255,\n",
              "         0.00190826, -0.06271811,  0.28018351, -0.01787355,  0.22165289,\n",
              "        -0.23462509,  0.23587189,  0.39767903,  0.23587189],\n",
              "       [ 0.00293363, -0.04786276, -0.29006621,  0.30562137,  0.30833708,\n",
              "         0.23032177,  0.00196877, -0.38908298,  1.        ,  0.02307507,\n",
              "         0.3457663 ,  0.13207893, -0.22627707,  0.63009815,  0.0625739 ,\n",
              "         0.20604085, -0.3146592 , -0.16141311, -0.41275102, -0.14436704,\n",
              "        -0.06523983, -0.06492355, -0.04786276, -0.06492355],\n",
              "       [-0.32972006, -0.03057504, -0.04247862, -0.09928128,  0.3401207 ,\n",
              "         0.08079663, -0.17347123,  0.38882392,  0.02307507,  1.        ,\n",
              "        -0.22186131,  0.16181046, -0.32056886, -0.10440103, -0.01930017,\n",
              "         0.16145007, -0.12644433,  0.20394413, -0.32709836, -0.27076869,\n",
              "         0.12119772,  0.18762422, -0.03057504,  0.18762422],\n",
              "       [-0.12623187, -0.29818791, -0.12885377,  0.38354707, -0.12723487,\n",
              "        -0.07493836,  0.31362733, -0.40164462,  0.3457663 , -0.22186131,\n",
              "         1.        ,  0.18699328,  0.31092551,  0.02277312,  0.28155592,\n",
              "         0.19629199,  0.02058806, -0.49300445,  0.01778927, -0.01921736,\n",
              "         0.02440202, -0.25148776, -0.29818791, -0.25148776],\n",
              "       [ 0.01111455, -0.0849468 ,  0.18390584,  0.12103797, -0.25732986,\n",
              "        -0.27802799,  0.18639692,  0.17191028,  0.13207893,  0.16181046,\n",
              "         0.18699328,  1.        ,  0.21357338, -0.39475083,  0.42104319,\n",
              "         0.34014065,  0.03863952,  0.08243937, -0.08072216,  0.14986924,\n",
              "         0.41561688, -0.00418272, -0.0849468 , -0.00418272],\n",
              "       [ 0.15857701, -0.01551588, -0.04204803,  0.30487441, -0.20689758,\n",
              "        -0.17376967,  0.39822814, -0.13203843, -0.22627707, -0.32056886,\n",
              "         0.31092551,  0.21357338,  1.        , -0.28236654,  0.04715058,\n",
              "        -0.32938345,  0.08446693, -0.20141817, -0.03332636,  0.54231201,\n",
              "         0.30020263, -0.29534647, -0.01551588, -0.29534647],\n",
              "       [ 0.20240345,  0.02118802, -0.12525977,  0.19603429,  0.42752594,\n",
              "         0.44798322, -0.12029601, -0.42244761,  0.63009815, -0.10440103,\n",
              "         0.02277312, -0.39475083, -0.28236654,  1.        ,  0.01623515,\n",
              "         0.03561489, -0.03377645,  0.07224739, -0.12723061, -0.20208189,\n",
              "         0.01613724, -0.16691107,  0.02118802, -0.16691107],\n",
              "       [ 0.07918446,  0.24365076,  0.57040577,  0.36992173,  0.01301042,\n",
              "        -0.03236899, -0.24992551,  0.11231255,  0.0625739 , -0.01930017,\n",
              "         0.28155592,  0.42104319,  0.04715058,  0.01623515,  1.        ,\n",
              "         0.12147348,  0.06882349, -0.12345805,  0.20905558, -0.14624283,\n",
              "         0.45655707, -0.23619194,  0.24365076, -0.23619194],\n",
              "       [-0.26915762, -0.16181281, -0.19802438, -0.21275333, -0.09008284,\n",
              "        -0.02452804,  0.15692032,  0.00190826,  0.20604085,  0.16145007,\n",
              "         0.19629199,  0.34014065, -0.32938345,  0.03561489,  0.12147348,\n",
              "         1.        ,  0.00140862, -0.14669725, -0.11400915, -0.16083077,\n",
              "         0.07302804,  0.45461456, -0.16181281,  0.45461456],\n",
              "       [-0.02372508, -0.12873383,  0.04813889,  0.00147419, -0.10340247,\n",
              "         0.29958197,  0.34317926, -0.06271811, -0.3146592 , -0.12644433,\n",
              "         0.02058806,  0.03863952,  0.08446693, -0.03377645,  0.06882349,\n",
              "         0.00140862,  1.        ,  0.30320101,  0.57889369,  0.1426723 ,\n",
              "         0.49481192, -0.54695913, -0.12873383, -0.54695913],\n",
              "       [ 0.15115922,  0.15726713,  0.43379205, -0.0076554 , -0.06478916,\n",
              "        -0.27287968,  0.00615774,  0.28018351, -0.16141311,  0.20394413,\n",
              "        -0.49300445,  0.08243937, -0.20141817,  0.07224739, -0.12345805,\n",
              "        -0.14669725,  0.30320101,  1.        ,  0.23414811,  0.06985129,\n",
              "         0.12182245,  0.00702361,  0.15726713,  0.00702361],\n",
              "       [-0.01005665, -0.20832192,  0.32877498, -0.08988054, -0.03332393,\n",
              "        -0.07666731, -0.00542524, -0.01787355, -0.41275102, -0.32709836,\n",
              "         0.01778927, -0.08072216, -0.03332636, -0.12723061,  0.20905558,\n",
              "        -0.11400915,  0.57889369,  0.23414811,  1.        ,  0.1253537 ,\n",
              "         0.15143091, -0.50330719, -0.20832192, -0.50330719],\n",
              "       [-0.03825634, -0.03943818, -0.35301909,  0.42975904,  0.26721305,\n",
              "         0.01843025,  0.33138433,  0.22165289, -0.14436704, -0.27076869,\n",
              "        -0.01921736,  0.14986924,  0.54231201, -0.20208189, -0.14624283,\n",
              "        -0.16083077,  0.1426723 ,  0.06985129,  0.1253537 ,  1.        ,\n",
              "         0.05264112, -0.15124344, -0.03943818, -0.15124344],\n",
              "       [ 0.09098866,  0.04668214,  0.24614916,  0.20334246,  0.02431924,\n",
              "         0.12716812,  0.18716155, -0.23462509, -0.06523983,  0.12119772,\n",
              "         0.02440202,  0.41561688,  0.30020263,  0.01613724,  0.45655707,\n",
              "         0.07302804,  0.49481192,  0.12182245,  0.15143091,  0.05264112,\n",
              "         1.        , -0.33907638,  0.04668214, -0.33907638],\n",
              "       [-0.05086225,  0.20729742, -0.04201807, -0.24198285, -0.18766382,\n",
              "        -0.35086555, -0.06894799,  0.23587189, -0.06492355,  0.18762422,\n",
              "        -0.25148776, -0.00418272, -0.29534647, -0.16691107, -0.23619194,\n",
              "         0.45461456, -0.54695913,  0.00702361, -0.50330719, -0.15124344,\n",
              "        -0.33907638,  1.        ,  0.20729742,  1.        ],\n",
              "       [ 0.18335177,  1.        ,  0.32704597,  0.09108711,  0.00999514,\n",
              "        -0.07497375, -0.36645677,  0.39767903, -0.04786276, -0.03057504,\n",
              "        -0.29818791, -0.0849468 , -0.01551588,  0.02118802,  0.24365076,\n",
              "        -0.16181281, -0.12873383,  0.15726713, -0.20832192, -0.03943818,\n",
              "         0.04668214,  0.20729742,  1.        ,  0.20729742],\n",
              "       [-0.05086225,  0.20729742, -0.04201807, -0.24198285, -0.18766382,\n",
              "        -0.35086555, -0.06894799,  0.23587189, -0.06492355,  0.18762422,\n",
              "        -0.25148776, -0.00418272, -0.29534647, -0.16691107, -0.23619194,\n",
              "         0.45461456, -0.54695913,  0.00702361, -0.50330719, -0.15124344,\n",
              "        -0.33907638,  1.        ,  0.20729742,  1.        ]])"
            ]
          },
          "metadata": {
            "tags": []
          },
          "execution_count": 107
        }
      ]
    },
    {
      "cell_type": "markdown",
      "metadata": {
        "id": "4PoHGPLT2P7z"
      },
      "source": [
        "####ทำการวนลูปหาค่าสัมประสิทธิ์ความสัมพันธ์ (Correlation)ที่ซ้ำกันเพื่อนำข้อมูลนั้นออกไป"
      ]
    },
    {
      "cell_type": "code",
      "metadata": {
        "id": "GOGqRAEn2Hoa"
      },
      "source": [
        "for i in range(corr.shape[0]): \n",
        "    for j in range(corr.shape[1]):\n",
        "        if (i !=j) and (corr[i,j] == 1.):\n",
        "            print(f'row = {i} column = {j} corrcoef = {corr[i,j]}')"
      ],
      "execution_count": 110,
      "outputs": []
    },
    {
      "cell_type": "markdown",
      "metadata": {
        "id": "0AzwcqHc-oW0"
      },
      "source": [
        "จากการวนลูป พบว่า correlation ไม่มีตัวซ้ำกัน จึงไม่จำเป็นต้องตัดข้อมูลใดออก ดังนั้นจึงนำ Data ไปใช้ได้เลย"
      ]
    },
    {
      "cell_type": "code",
      "metadata": {
        "colab": {
          "base_uri": "https://localhost:8080/",
          "height": 778
        },
        "id": "t-UxakYHCm9g",
        "outputId": "9f2f33aa-9244-44bb-a3cd-e7b2ac0763e2"
      },
      "source": [
        "Data.corr()"
      ],
      "execution_count": 108,
      "outputs": [
        {
          "output_type": "execute_result",
          "data": {
            "text/html": [
              "<div>\n",
              "<style scoped>\n",
              "    .dataframe tbody tr th:only-of-type {\n",
              "        vertical-align: middle;\n",
              "    }\n",
              "\n",
              "    .dataframe tbody tr th {\n",
              "        vertical-align: top;\n",
              "    }\n",
              "\n",
              "    .dataframe thead th {\n",
              "        text-align: right;\n",
              "    }\n",
              "</style>\n",
              "<table border=\"1\" class=\"dataframe\">\n",
              "  <thead>\n",
              "    <tr style=\"text-align: right;\">\n",
              "      <th></th>\n",
              "      <th>0</th>\n",
              "      <th>1</th>\n",
              "      <th>2</th>\n",
              "      <th>3</th>\n",
              "      <th>4</th>\n",
              "      <th>5</th>\n",
              "      <th>6</th>\n",
              "      <th>7</th>\n",
              "      <th>8</th>\n",
              "      <th>9</th>\n",
              "      <th>10</th>\n",
              "      <th>11</th>\n",
              "      <th>12</th>\n",
              "      <th>13</th>\n",
              "      <th>14</th>\n",
              "      <th>15</th>\n",
              "      <th>16</th>\n",
              "      <th>17</th>\n",
              "      <th>18</th>\n",
              "      <th>19</th>\n",
              "      <th>20</th>\n",
              "      <th>21</th>\n",
              "      <th>22</th>\n",
              "      <th>23</th>\n",
              "    </tr>\n",
              "  </thead>\n",
              "  <tbody>\n",
              "    <tr>\n",
              "      <th>0</th>\n",
              "      <td>1.000000</td>\n",
              "      <td>0.183352</td>\n",
              "      <td>0.224048</td>\n",
              "      <td>0.156279</td>\n",
              "      <td>-0.125175</td>\n",
              "      <td>0.126460</td>\n",
              "      <td>0.106481</td>\n",
              "      <td>-0.136404</td>\n",
              "      <td>0.002934</td>\n",
              "      <td>-0.329720</td>\n",
              "      <td>-0.126232</td>\n",
              "      <td>0.011115</td>\n",
              "      <td>0.158577</td>\n",
              "      <td>0.202403</td>\n",
              "      <td>0.079184</td>\n",
              "      <td>-0.269158</td>\n",
              "      <td>-0.023725</td>\n",
              "      <td>0.151159</td>\n",
              "      <td>-0.010057</td>\n",
              "      <td>-0.038256</td>\n",
              "      <td>0.090989</td>\n",
              "      <td>-0.050862</td>\n",
              "      <td>0.183352</td>\n",
              "      <td>-0.050862</td>\n",
              "    </tr>\n",
              "    <tr>\n",
              "      <th>1</th>\n",
              "      <td>0.183352</td>\n",
              "      <td>1.000000</td>\n",
              "      <td>0.327046</td>\n",
              "      <td>0.091087</td>\n",
              "      <td>0.009995</td>\n",
              "      <td>-0.074974</td>\n",
              "      <td>-0.366457</td>\n",
              "      <td>0.397679</td>\n",
              "      <td>-0.047863</td>\n",
              "      <td>-0.030575</td>\n",
              "      <td>-0.298188</td>\n",
              "      <td>-0.084947</td>\n",
              "      <td>-0.015516</td>\n",
              "      <td>0.021188</td>\n",
              "      <td>0.243651</td>\n",
              "      <td>-0.161813</td>\n",
              "      <td>-0.128734</td>\n",
              "      <td>0.157267</td>\n",
              "      <td>-0.208322</td>\n",
              "      <td>-0.039438</td>\n",
              "      <td>0.046682</td>\n",
              "      <td>0.207297</td>\n",
              "      <td>1.000000</td>\n",
              "      <td>0.207297</td>\n",
              "    </tr>\n",
              "    <tr>\n",
              "      <th>2</th>\n",
              "      <td>0.224048</td>\n",
              "      <td>0.327046</td>\n",
              "      <td>1.000000</td>\n",
              "      <td>-0.002418</td>\n",
              "      <td>-0.413481</td>\n",
              "      <td>-0.523300</td>\n",
              "      <td>-0.301933</td>\n",
              "      <td>0.126710</td>\n",
              "      <td>-0.290066</td>\n",
              "      <td>-0.042479</td>\n",
              "      <td>-0.128854</td>\n",
              "      <td>0.183906</td>\n",
              "      <td>-0.042048</td>\n",
              "      <td>-0.125260</td>\n",
              "      <td>0.570406</td>\n",
              "      <td>-0.198024</td>\n",
              "      <td>0.048139</td>\n",
              "      <td>0.433792</td>\n",
              "      <td>0.328775</td>\n",
              "      <td>-0.353019</td>\n",
              "      <td>0.246149</td>\n",
              "      <td>-0.042018</td>\n",
              "      <td>0.327046</td>\n",
              "      <td>-0.042018</td>\n",
              "    </tr>\n",
              "    <tr>\n",
              "      <th>3</th>\n",
              "      <td>0.156279</td>\n",
              "      <td>0.091087</td>\n",
              "      <td>-0.002418</td>\n",
              "      <td>1.000000</td>\n",
              "      <td>0.328546</td>\n",
              "      <td>0.154176</td>\n",
              "      <td>0.287895</td>\n",
              "      <td>-0.043672</td>\n",
              "      <td>0.305621</td>\n",
              "      <td>-0.099281</td>\n",
              "      <td>0.383547</td>\n",
